1000
23 36 86
82 97 70
46 59 25
80 60 28
37 92 57
65 91 93
23 66 83
76 45 72
36 98 30
51 22 21
57 48 78
96 44 13
46 100 56
83 81 21
45 58 33
13 94 70
46 13 25
64 25 83
78 28 15
94 73 33
67 54 42
28 14 70
60 57 42
33 58 9
7 25 48
91 96 80
1 87 21
2 21 41
32 98 7
30 25 5
72 73 82
57 38 52
8 7 32
63 75 34
35 9 73
16 11 38
7 79 5
98 55 70
33 56 65
28 2 36
51 72 5
75 37 68
74 92 31
24 100 35
40 58 61
64 85 30
80 53 38
54 8 62
90 16 86
2 100 54
26 7 46
44 52 32
23 7 3
100 91 95
33 61 4
41 67 73
14 46 40
17 2 33
55 98 32
79 69 11
61 65 100
77 89 75
20 14 88
84 48 1
62 90 75
13 15 75
66 96 69
1 42 57
76 84 67
81 14 29
36 54 38
85 84 21
75 91 13
75 93 5
56 84 29
91 2 11
51 16 83
17 75 28
24 66 29
10 36 76
15 81 30
23 58 58
53 52 65
75 52 73
98 80 87
79 29 41
34 74 94
35 97 48
92 10 71
36 67 58
8 67 44
50 27 13
35 8 16
89 99 82
97 16 13
72 45 65
16 46 80
21 81 30
2 94 46
75 2 67
14 58 26
37 33 18
57 53 73
23 24 41
88 55 34
23 3 100
87 37 36
63 74 95
30 65 81
17 73 94
26 54 1
55 94 1
11 69 57
96 46 9
95 33 26
75 28 25
30 44 90
76 58 19
27 63 72
57 85 91
88 93 40
89 84 47
77 21 90
57 59 38
52 39 2
75 63 74
73 44 1
37 54 52
62 17 11
1 23 57
5 4 81
19 13 36
95 85 18
47 27 41
46 100 80
28 46 55
30 64 56
68 82 88
98 42 24
87 28 17
60 5 38
33 44 96
61 6 25
64 96 55
28 96 15
6 45 79
1 94 5
15 100 82
69 96 28
74 3 72
12 7 78
39 42 75
34 44 71
11 30 40
29 36 86
6 23 99
47 25 9
7 83 47
5 42 25
54 70 59
84 98 55
67 14 93
45 58 69
17 36 76
22 21 46
93 54 6
94 6 97
30 57 67
52 90 42
39 68 89
4 78 15
82 47 46
52 68 7
79 26 26
48 100 27
94 29 61
66 69 9
34 66 96
70 70 72
66 96 69
51 9 46
86 15 32
60 2 68
47 92 81
16 66 96
45 38 11
65 77 89
46 25 23
76 10 62
36 69 53
38 18 100
80 22 42
87 40 57
79 91 11
87 47 83
36 41 40
26 63 84
31 32 20
97 48 53
10 33 33
28 11 21
66 68 37
75 18 15
21 63 84
18 56 55
42 67 14
6 57 10
79 67 41
48 16 37
62 46 8
63 93 100
40 31 94
62 18 5
90 98 72
74 73 98
68 23 92
58 12 24
66 15 25
77 46 25
93 24 72
88 45 37
98 31 67
67 68 52
49 73 97
49 35 2
38 42 11
33 34 86
75 33 74
90 37 82
99 10 38
35 87 31
38 31 43
36 61 83
50 45 96
54 53 91
63 47 47
25 2 9
47 68 48
31 15 100
46 13 17
81 8 37
98 41 60
12 59 63
89 37 94
8 100 13
86 67 92
22 75 38
75 30 25
91 88 3
45 24 7
83 83 38
0 89 69
37 33 85
66 92 12
97 70 4
13 46 10
55 36 81
58 85 42
95 11 94
67 45 63
6 53 79
35 81 8
34 78 21
59 22 76
49 79 11
19 57 99
78 3 72
34 72 75
51 26 61
34 92 69
46 71 15
46 83 61
85 68 41
42 25 39
87 15 84
79 74 13
57 26 71
91 74 34
61 11 61
70 35 40
25 68 86
84 1 80
83 25 47
8 64 34
99 8 47
32 74 85
36 98 27
15 12 1
79 48 79
71 75 75
40 32 40
79 12 10
14 30 25
49 47 74
71 28 11
84 38 75
99 70 27
0 71 40
82 98 10
31 9 91
3 38 18
10 34 81
23 7 39
83 56 97
36 17 39
31 40 41
31 80 31
65 81 74
65 39 45
94 41 86
68 85 59
97 82 93
61 11 30
35 22 38
41 97 68
66 19 66
57 10 21
95 21 59
48 62 3
97 40 45
15 40 98
91 2 82
6 74 68
67 23 25
31 47 82
11 97 8
71 35 27
3 31 48
3 75 98
35 35 60
74 77 38
27 81 7
88 58 41
35 45 55
79 100 64
85 70 9
36 4 21
73 93 3
4 25 17
18 89 10
81 64 71
71 86 34
80 80 99
19 32 69
75 46 17
38 86 11
22 2 57
13 35 36
72 68 30
20 73 91
89 80 24
72 96 80
63 43 23
34 64 3
96 95 29
15 90 92
100 6 31
90 69 64
12 100 82
32 46 61
73 94 6
14 36 81
80 65 25
21 26 87
41 58 27
31 3 8
89 8 11
69 91 72
95 29 87
27 6 1
50 20 90
25 69 7
47 88 70
3 53 40
17 52 13
47 2 34
88 64 68
85 85 34
54 28 31
80 25 64
100 54 94
65 19 26
20 73 83
54 84 77
73 35 23
93 6 84
99 77 4
53 86 23
37 62 67
30 41 28
37 87 64
65 34 26
67 3 26
94 30 67
67 12 75
96 33 27
62 24 38
39 81 80
95 20 58
66 30 100
4 92 13
76 82 99
50 22 86
36 87 6
43 81 99
14 84 31
49 22 17
42 35 78
94 54 91
31 57 62
51 57 31
78 56 13
100 91 18
84 30 23
8 78 93
41 26 27
76 86 17
94 20 21
62 57 13
4 47 1
88 7 40
20 60 75
28 53 36
25 12 74
36 22 35
57 27 68
82 79 96
34 16 89
71 52 15
16 48 34
98 4 46
33 12 86
96 55 72
34 27 91
17 89 70
16 66 92
13 55 55
69 62 92
53 3 4
32 68 96
69 82 83
14 60 30
31 46 91
13 15 91
30 94 18
19 77 72
55 71 19
12 71 89
42 4 54
26 2 42
53 85 73
70 25 2
19 15 33
3 66 73
79 20 6
97 69 86
19 59 93
78 71 68
49 32 95
99 92 60
20 62 88
60 98 27
51 61 55
29 25 59
85 9 98
75 97 39
60 81 24
41 54 55
75 96 31
37 29 63
97 40 88
24 60 67
69 39 59
90 67 82
8 47 90
17 46 54
7 21 17
10 28 72
53 6 61
100 66 7
65 46 89
72 84 72
100 91 42
4 42 74
84 24 17
44 4 23
73 32 97
2 96 76
50 78 61
34 98 65
75 40 70
99 99 99
25 43 87
58 20 22
37 59 59
19 32 19
59 31 96
93 68 55
8 61 3
24 89 95
30 5 55
99 97 98
16 54 82
4 45 66
8 13 21
44 35 57
47 32 85
64 76 28
80 32 67
98 13 29
59 75 48
91 63 85
15 19 12
73 4 82
74 86 67
35 72 76
55 77 36
0 99 43
20 60 5
17 78 67
57 58 89
91 83 54
79 6 20
75 83 75
96 100 18
16 5 23
69 25 52
31 10 68
99 35 58
79 46 84
24 81 77
80 15 95
54 36 40
96 10 58
94 13 95
34 38 11
93 79 38
71 28 4
25 61 69
73 29 39
82 86 16
26 91 40
85 71 33
76 27 10
77 31 9
84 69 3
73 81 29
62 87 92
70 44 46
72 83 63
78 84 95
83 15 78
50 66 61
79 8 72
13 64 55
61 29 41
91 10 23
12 72 15
57 41 42
4 1 83
9 67 98
15 28 37
44 7 12
10 37 85
12 55 55
93 37 34
96 67 6
52 79 95
93 40 71
84 5 4
60 100 78
84 63 8
20 46 23
51 37 95
23 34 79
51 82 15
66 16 67
86 14 22
28 74 83
55 68 37
52 71 98
82 32 14
100 98 41
59 75 32
38 10 22
28 16 5
76 47 70
100 1 1
20 28 98
21 89 97
52 71 59
5 47 9
43 9 84
79 31 94
54 73 68
84 58 56
36 12 28
64 16 62
60 86 100
91 9 77
12 33 57
74 86 76
65 42 19
25 47 39
88 5 55
79 7 62
78 92 39
5 20 37
59 30 95
100 39 9
0 53 42
89 48 39
85 85 71
41 5 75
43 72 63
49 48 55
37 87 8
80 74 70
28 9 52
66 98 21
21 53 4
92 38 94
7 72 10
81 3 94
67 95 83
11 83 30
51 32 31
61 63 52
68 94 26
91 41 56
84 98 25
38 18 74
17 42 4
70 59 36
14 65 87
93 73 87
95 95 17
43 19 26
20 46 39
55 2 71
5 19 45
34 14 7
81 53 85
56 35 42
98 85 38
61 58 61
29 42 62
69 77 100
4 95 82
75 97 59
6 37 12
30 74 67
77 88 1
35 99 22
60 83 20
27 86 68
4 84 60
49 37 81
88 17 98
86 54 55
67 67 62
92 80 87
6 12 13
80 94 17
8 31 78
94 30 1
85 12 5
81 69 83
13 47 81
73 66 59
89 80 48
4 38 5
67 43 16
93 26 48
46 65 73
19 78 93
46 26 68
66 17 16
98 28 93
43 54 4
6 74 32
5 98 52
20 41 6
67 77 35
43 86 20
19 87 86
88 27 3
13 68 39
24 64 84
54 31 99
56 48 75
75 36 52
91 47 20
99 70 86
49 18 95
53 22 1
100 97 2
46 74 16
87 20 40
70 42 40
92 33 47
9 70 2
45 4 63
48 39 20
84 40 70
21 80 63
21 17 22
96 97 9
67 94 53
98 39 27
38 4 1
48 52 2
88 56 9
59 8 29
29 16 45
76 21 60
43 30 26
13 64 42
58 20 9
61 88 67
94 53 82
20 11 46
41 85 37
31 83 25
55 3 20
63 39 40
86 75 33
76 87 22
19 61 77
17 26 74
87 63 16
55 47 53
98 83 39
97 96 54
53 92 12
35 68 35
6 27 73
7 52 33
20 94 40
2 59 23
51 7 31
7 95 21
100 23 20
76 23 47
35 62 33
27 56 28
52 79 8
55 80 45
2 76 15
68 88 5
6 97 77
97 10 91
26 4 85
58 86 97
77 67 94
60 38 13
4 57 29
12 98 95
40 67 34
87 5 14
16 10 4
26 20 90
76 70 22
78 13 34
59 89 41
48 59 23
34 99 40
85 73 70
7 33 36
57 76 70
49 34 10
45 39 5
63 38 11
52 27 39
53 66 72
78 28 94
56 80 4
80 66 44
39 39 55
1 97 39
0 32 79
72 36 27
14 59 83
74 29 63
85 93 63
50 95 41
99 13 4
10 55 4
100 17 30
91 10 57
99 91 5
91 5 25
80 78 67
13 62 100
23 5 33
44 5 97
23 74 80
41 9 44
32 67 10
36 60 91
66 75 25
0 39 48
61 38 36
54 28 35
34 9 32
13 21 19
6 56 93
11 99 92
94 7 87
3 40 45
2 98 62
52 44 12
87 37 94
56 83 72
3 98 22
1 74 53
81 30 41
0 33 60
18 75 8
37 13 100
53 48 96
33 55 85
82 19 81
46 13 67
34 72 48
48 21 33
79 87 63
28 89 30
63 4 15
70 57 74
93 8 68
36 86 34
67 5 11
73 60 73
100 66 13
100 89 79
36 65 62
60 68 69
89 74 71
64 15 25
69 11 77
85 55 91
6 54 76
11 99 88
39 85 37
6 54 76
38 2 57
33 36 11
46 60 87
39 68 98
61 12 61
80 33 25
85 16 71
4 47 5
29 75 87
5 5 86
38 73 58
95 52 21
73 43 35
38 6 39
22 88 73
61 9 64
22 84 76
57 87 8
83 77 98
42 62 90
80 46 30
67 60 99
32 14 83
61 85 22
51 66 33
5 21 40
22 15 99
39 5 87
1 12 64
33 39 73
3 89 85
59 46 2
6 36 66
44 68 69
33 6 28
78 53 78
6 90 18
91 86 25
86 98 75
86 23 47
56 1 93
91 2 12
77 75 53
100 87 47
19 71 93
92 100 81
24 1 68
57 92 78
70 88 73
1 73 59
99 60 89
67 48 15
17 69 21
15 72 4
15 29 66
0 55 55
22 28 37
18 57 73
60 24 94
29 11 42
39 62 18
7 84 93
77 91 2
25 74 22
38 20 36
76 41 73
0 68 90
27 23 72
99 62 71
8 59 6
33 70 76
67 43 20
42 67 86
79 48 76
74 24 4
55 82 52
10 32 14
22 41 17
9 3 8
82 45 77
67 53 15
53 100 79
63 90 6
11 72 92
68 55 29
58 27 76
30 17 52
93 85 66
2 48 25
3 22 39
5 74 9
27 69 53
96 80 66
29 72 80
99 8 69
16 86 46
54 93 10
95 62 96
16 58 42
93 62 88
57 64 92
70 87 37
10 67 92
20 71 63
68 31 60
10 72 100
5 100 52
73 79 96
92 40 17
85 73 67
32 77 66
38 68 94
77 28 9
20 18 1
60 81 83
69 44 38
75 79 54
59 30 79
38 92 85
27 39 58
73 41 26
59 43 87
24 8 15
60 52 78
100 90 10
74 98 45
87 37 39
85 67 94
24 57 9
94 75 65
16 81 32
92 4 28
4 64 60
98 96 13
13 42 34
23 100 5
8 44 91
87 70 20
52 72 19
73 91 41
83 89 31
19 67 40
47 85 3
67 58 20
16 74 2
12 9 17
58 63 62
97 61 94
43 41 16
8 58 1
73 67 79
70 67 75
72 21 28
61 34 14
